1718
 471
 376
 1144
1540
 274
 172
 173
2012
1315
1155
1154
 368
1229
 361
1702
911
2396
 240
920
 161
1413
 846
599
1123
314
 722
 924
797
796
1171
 552
 609
 311
1525
 498
1010
 250
 252
584
1137
 424
 548
 420
 143
 144
 308
1842
908
 613
 228
 385
1247
648
 223
515
 225
1348
 865
1346
859
 531
743
 334
 431
 539
 747
856
 339
597
 1107
1584
1503
 89
 2526
500
630
751
 3363
1352
1218
461
 327
 326
 321
 320
1033
 285
1598
2247
1023
1187
969
1106
 125
1034
 95
606
 1205
 294
 297
 219
1193
875
 761
1442
328
1408
 958
772
 508
 341
 655
 818
 189
482
 580
 582
947
4957
1360
801
1368

